%YAML:1.0
calibration_time: "Fri 15 Sep 2017 03:07:02 PM CEST"
nframes: 10
image_width: 640
image_height: 480
board_width: 7
board_height: 5
square_size: 7.4999998323619366e-03
aspectRatio: 1.
flags: 2
camera_matrix: !!opencv-matrix
   rows: 3
   cols: 3
   dt: d
   data: [ 6.2376449963468826e+02, 0., 3.8397922295549006e+02, 0.,
       6.2376449963468826e+02, 2.9487490281589152e+02, 0., 0., 1. ]
distortion_coefficients: !!opencv-matrix
   rows: 5
   cols: 1
   dt: d
   data: [ 5.5203122319578891e-02, -7.0636546299125719e-02,
       -6.9416281510288171e-03, 7.4290202424636053e-03,
       -8.9617050032445869e-02 ]
avg_reprojection_error: 5.7163865674138570e-01
per_view_reprojection_errors: !!opencv-matrix
   rows: 10
   cols: 1
   dt: f
   data: [ 2.93823987e-01, 4.73598182e-01, 7.39262402e-01,
       8.70756388e-01, 5.17932594e-01, 6.22645140e-01, 6.35212660e-01,
       5.95418155e-01, 3.58461171e-01, 3.31512839e-01 ]
extrinsic_parameters: !!opencv-matrix
   rows: 10
   cols: 6
   dt: d
   data: [ 3.4949600369692052e-01, 8.3812686541220663e-02,
       -1.5839327994170645e-02, -3.3736370553753864e-02,
       -4.9513121434275130e-02, 2.3929009646586494e-01,
       4.6927129083396413e-01, 1.3263067515584248e-01,
       5.0167908473022417e-02, -3.3351039848889548e-02,
       -1.1240026061761834e-02, 8.0798825679217215e-02,
       1.0342230246259836e+00, 3.4391629971840483e-02,
       1.8956879297009954e-02, -3.3735816889798709e-02,
       -1.6014424743501003e-02, 6.0438160906945329e-02,
       -7.1950994130193124e-01, 6.2656878201807695e-02,
       2.0343638555441544e-02, -3.6169388264099683e-02,
       -1.1904480925795664e-02, 9.4136009171071469e-02,
       3.0176377088459755e-01, -5.8254162548946897e-01,
       -6.0883874099427408e-02, -4.0001341274574366e-02,
       -2.3457279962359839e-02, 7.3999555693216021e-02,
       3.6347091878358367e-01, 8.4628857053464734e-01,
       3.8957592766388410e-02, -2.1179303672579763e-02,
       -1.3866494146699151e-02, 9.9684879223978812e-02,
       3.2314482320698162e-01, 8.5515164511176833e-01,
       3.2109711356263455e-02, -2.4488782137093157e-02,
       -2.7134403758901748e-02, 8.7343077891695611e-02,
       4.5763097956093735e-01, 6.4437381631917401e-01,
       -2.3464468271363764e-02, -3.2020761943238718e-02,
       -2.4593512582729470e-02, 7.9361171475862802e-02,
       3.3786823564802715e-01, 4.3791495683554109e-02,
       9.1218808364412329e-03, -3.1110287685216381e-02,
       -3.4520467196477715e-02, 9.5136580778333257e-02,
       -6.1351024076714673e-02, 7.5116111639001615e-02,
       -1.4667538251841891e-01, -3.4847150421630224e-02,
       3.9449417248632367e-03, 1.1943516369055723e-01 ]
